hour,SOC,DOC,MBC
0.0,43.58776391184517,0.06566744936663471,0.7551271231783236
5.0,39.75155759204562,0.015571571718085602,1.0581575855580267
10.0,34.53278266220516,0.035510997472314024,0.27647373084304044
15.0,40.04276314292394,0.22434444293702072,1.065438308690271
20.0,36.16837232122016,0.07519891410826612,0.9624539424166737
25.0,38.678567549121865,0.10406063643203581,1.2926657487802644
30.0,38.94369676177609,0.16748721189142837,0.9685723658688052
35.0,39.06105352713425,0.12603297929393906,1.600768147730064
40.0,34.35807878878104,0.2115390250542739,1.4756419671056598
45.0,39.575958709179325,0.29186864640489213,1.0594763866653583
50.0,37.16505855601539,0.24081613400253798,0.6612079936930371
55.0,38.56804168838147,0.07144186725541976,1.3979850439621362
60.0,39.09036320748506,0.15016643043071085,1.1345478954931956
65.0,43.04790127113777,0.29819862030642086,1.3078409618519058
70.0,39.986590166688266,0.38559375903408927,1.008021897159785
75.0,41.15800456420719,0.3205910166160255,1.063959584079394
80.0,47.212219513846335,0.37010640747989254,1.7389799194033495
85.0,46.905020632657795,0.4971275029759151,1.923690437630916
90.0,38.214236769790354,0.4893154670220577,1.3252444303635231
95.0,40.35298117697496,0.5685303635204524,1.2944841285767619
100.0,35.84561291320974,0.4698788376684315,1.6263818531396548
105.0,46.95990441450204,0.44826141886276805,1.4124590846416203
110.0,41.02561100626254,0.43708729240767574,1.2198287132882843
115.0,44.006040432273366,0.4716063356444364,1.2317978871253192
120.0,40.44103429330218,0.5322923742180125,1.8470325386133513
125.0,45.22440093211868,0.36863949054818884,0.678057317762381
130.0,38.99153856745113,0.36586481190888975,1.3005601388339034
135.0,50.81938749237244,0.27052294668391536,2.0897128139120467
140.0,46.22454795491666,0.2894096063458503,1.2492204737535386
145.0,45.31973305989628,0.16120437323502945,1.698335071759638
150.0,46.16527148075355,0.09477850366037571,1.5506457835758451
155.0,46.657814994037,0.1128561032618005,1.1840606637217528
160.0,49.19530240440672,0.09628571722300461,1.3899937595917247
165.0,45.231822436790345,0.18554534171324766,0.677773041383043
170.0,46.7961015507591,0.08333250768715317,1.0929419975124854
175.0,47.41360709358253,0.055613703607285375,0.3523015771567023
180.0,44.616338949008764,0.054234103723346555,0.2690872972336613
185.0,50.56814174068393,0.17350593997031555,0.17719980058657653
190.0,46.86370598396959,0.2207600411691695,0.06752518775062595
195.0,43.474497328700906,0.2168067159655377,0.7363676658011897
200.0,49.19684032704183,0.11975883801355225,0.5131074460168923
205.0,32.63658369200534,0.14061746280865056,0.8645410545957883
210.0,38.01029039366953,0.025602219102340937,0.3791151935632612
215.0,41.34939725688359,0.036943741167360114,1.1207650991770135
220.0,39.429428808006364,0.15149582943926632,1.0831753517601037
225.0,37.41248901737714,0.006048001200953355,1.0286740800836565
230.0,38.81105022701178,0.028909354841190588,1.3176095182927918
235.0,37.600623392799186,0.02633280033999589,1.0030677970509625
240.0,41.781847463231536,0.1379652279650403,1.031112218314231
245.0,44.741437499236206,0.13884727227664095,1.2275671504717531
250.0,38.585665128291595,0.1575873151357884,1.1520352986775033
255.0,41.75388327925893,0.1406239583753184,0.6878196684473488
260.0,43.625639062871024,0.11258124270142364,1.0432411613333905
265.0,46.1604060249692,0.12709210343735342,1.2107539301847596
270.0,40.20041340704013,0.18866090155125356,1.0357291205199315
275.0,35.3644148445143,0.18253343448509912,1.3425433222198622
280.0,37.638439351379716,0.03828421710923879,1.788163575976394
285.0,44.85017959950697,0.04094725715319025,1.4827976876021656
290.0,40.60397057228491,0.08444903684458646,0.7925646275605169
295.0,36.322394802203114,0.10236040988278727,0.9862383887001005
300.0,36.15452220727529,0.19980213112711565,0.7856168553619467
305.0,39.379482728205424,0.1927317136772123,0.8261702421937703
310.0,38.733728668073155,0.1598457434970807,0.8882845437690101
315.0,41.927110822149395,0.04219285475214259,1.200396147015451
320.0,48.22909226283412,0.15078747916190433,1.2635421567836191
325.0,42.77091687179123,0.1300433562469066,1.3691295500047873
330.0,46.174550268286424,0.1328012050884903,1.1038113568419174
335.0,49.56930928849351,0.17364224807802714,1.0633192688196498
340.0,49.67609129262775,0.27836025283740795,1.3510788247294463
345.0,44.95746691589948,0.37187449669627903,0.826828969617219
350.0,43.32535509380537,0.2896360337101664,1.1077190613672259
355.0,39.65603310333679,0.2693950511534843,1.0701773829135957
360.0,41.45305338667864,0.21064282863781147,1.4831946528261004
365.0,34.40895652127564,0.2610728039340256,1.0075626113819405
370.0,32.56074685993994,0.26341530898684823,1.2690627522446216
375.0,36.01254151513908,0.19113161618998611,1.5219010425747965
380.0,37.000352634696284,0.2477344960875532,1.3342479086962715
385.0,36.11140957253133,0.26376795354654164,1.0064170583523593
390.0,31.947126139512214,0.06491579700436391,1.1313004163230607
395.0,31.51505906328997,0.18844765929435903,0.6906171486426684
400.0,28.409376924628514,0.2021713418953237,1.3369845867472165
405.0,31.03322518086659,0.1607071425422616,1.6503609661332206
410.0,30.200839849512064,0.20949350522700255,1.845587476435242
415.0,29.994260977351452,0.14358855865005865,1.3757667299306047
420.0,30.950586666803936,0.04804551480574429,1.3630481763035267
425.0,33.606023106213314,0.09278991062299294,1.367671445851583
430.0,37.84330892148783,0.1636141343346029,2.0314230461319824
435.0,28.70469653192606,0.14011721087958842,2.20094122046921
440.0,31.264000768372878,0.06509915169474062,1.771932515984962
445.0,32.97747519659884,0.020438558089692815,1.8688015773990905
450.0,34.112981021878426,0.015280438790917967,2.159425152068321
455.0,25.756586998979216,0.08020585434765565,1.7758385007204858
460.0,24.25989724200595,0.022143638595333172,1.788446568719153
465.0,30.64667372293208,0.11996415326779547,1.975443617531505
470.0,35.10807385412825,0.24946149190354036,1.7665058500505362
475.0,27.708607689165472,0.35314417450198776,2.0457906700546498
480.0,29.847055554676103,0.33052438040285087,1.0553596406369439
485.0,29.989657733574592,0.20742710368096973,1.1803471611928396
490.0,30.77927818273113,0.06921843085131557,0.7906497204554586
495.0,30.46118261835899,0.18462241678112937,1.0111287577299075
500.0,39.16598058861888,0.20432135205942475,0.8135525530856074
505.0,31.501786336289054,0.24958661806783625,1.0536861388273944
510.0,33.529803931934005,0.34811908093602484,0.7700841655049707
515.0,28.70023627379078,0.38216743102972295,0.6973476542259461
520.0,34.52330454882399,0.4090710523153261,0.1469171642985622
525.0,38.096014393120065,0.42476827983307663,0.45746913548027324
530.0,30.872321717922155,0.34309292854780277,0.7595457718805856
535.0,38.2564718488675,0.29140089183235596,0.5638179178497901
540.0,29.61436233491604,0.3645132740949664,0.6839251083019118
545.0,35.45121963550399,0.34327570312321026,1.0724837961763325
550.0,27.26759024008225,0.3317143169266093,1.010165198329927
555.0,33.02670787694856,0.22147779675855794,0.9385142774928098
560.0,31.802186242357617,0.19221575048551182,0.3468485290774036
565.0,34.00025474729297,0.05738809900290552,0.5472398189151537
570.0,29.461130176006126,0.06342079371960217,0.6763833479555175
575.0,27.050149781903983,0.0758955075565041,0.6124299472297907
580.0,28.05209398644122,0.048501623891280904,0.4093044769289104
585.0,29.890294956216866,0.055100158144598274,0.5675558922249574
590.0,23.08147019802368,0.07489921900933225,0.36732276460392915
595.0,21.396927272113953,0.037614948672901716,0.8650526964742251
600.0,19.02945319898837,0.045233437169216656,1.235725031520875
605.0,24.192170098478535,0.15842216512461466,0.42553605879455014
610.0,27.88238690332083,0.15613207107118496,0.731736741707701
615.0,21.39749133398524,0.2219921665866534,1.1504644152947783
620.0,25.44452606207051,0.11211252717640408,0.9571023163238321
625.0,22.95761163450097,0.1316510258241742,1.115545310715077
630.0,26.79943778598749,0.10598885743987113,0.36630610352554643
635.0,27.98034928729796,0.256327071629417,1.0220075034256881
640.0,22.86433901805728,0.25202164300897545,1.5911503837430756
645.0,21.745858888652993,0.17045799668833803,1.3770828732833391
650.0,21.872849987116748,0.17645380031991068,1.2757660078484787
655.0,22.84646466123597,0.09770259331939125,1.5480707515966536
660.0,21.200911814456326,0.2143875079343679,2.0190242383686057
665.0,25.116667489121827,0.05651254287096261,1.9427019844481188
670.0,19.84118258335379,0.14506001334435262,1.9838547871881735
675.0,24.53005626031709,0.22246563632036895,1.9205170006550014
680.0,24.498707969347322,0.3299016976259142,2.489533826667335
685.0,23.182464241061908,0.2787540664691283,2.4713432066719525
690.0,19.818952698054876,0.38637697544091043,2.6437711603976126
695.0,25.534962208156845,0.27701823719316104,2.5844259629361632
700.0,18.992947206629566,0.3688233859051036,2.4480990830908516
705.0,21.9336744206618,0.24860526737692262,3.330260231029515
710.0,24.095340467522874,0.29471585494226543,3.1770590808614996
715.0,17.37190882782035,0.352890374765497,2.708729824545309
720.0,18.355251478925098,0.4149443015128159,2.820541801392532
725.0,15.597384594166307,0.4907650007917024,2.600489060558688
730.0,22.361182358510035,0.5281540128516091,2.671999130340048
735.0,20.136712526337387,0.6316212396478239,2.411522509896343
740.0,12.3055199543343,0.5485483135936614,2.8157261289714
745.0,20.84293830589328,0.5596171784156503,2.801224458695541
750.0,21.034260574625467,0.442606594029916,2.8720706038228463
755.0,26.903989401431495,0.43526623626801,2.224787305565885
760.0,29.626255592066524,0.26728007227654993,2.6824329472691697
765.0,24.204998745409718,0.2773196970812144,2.9445503651653318
770.0,30.827412170834833,0.24537459514902954,3.337525798504393
775.0,23.76365867031948,0.24036457205817133,3.7230769545556592
780.0,26.48239011221041,0.2255653534731197,3.5273575499148837
785.0,18.686602034417252,0.17108627295534948,3.293647351963809
790.0,14.641589486750405,0.23938909573335573,3.85239679937937
795.0,24.4024442795602,0.17846017304730996,3.7328327984001173
800.0,19.617993785078774,0.2203410753968323,3.8106230721307366
805.0,22.535003042693305,0.27559273845414506,3.9484226034487477
810.0,18.14920255255677,0.33250854834317267,4.407953155711292
815.0,16.43433471789932,0.3900949744148339,3.525057104471002
820.0,14.550038348325268,0.25535139713665106,4.2022779377323065
825.0,12.271691077012779,0.3286303480156171,3.4979335544421852
830.0,14.962328592121988,0.43130140165580116,3.7657036883910657
835.0,11.845999609240298,0.29188583224235515,3.5873927486365598
840.0,15.393371347672726,0.36094486898431444,4.354705717231415
845.0,10.794288790611628,0.4812393188866396,3.9005918586946824
850.0,15.410954295109681,0.2539126514928797,4.028745354634338
855.0,12.124742389405313,0.15997752571125198,4.198639267309902
860.0,15.361300256834241,0.22227035619680757,4.8780381784841085
865.0,12.11015862782647,0.27365190888973656,4.3613315732716345
870.0,15.445242731162594,0.057666259226259474,5.323437284433008
875.0,14.24209369346771,0.058029161830626036,4.824137105668188
880.0,10.595941788770816,0.12429230084550356,5.244860915182051
885.0,13.505291010082756,0.24681731447087887,5.007638043087872
890.0,9.455042271275111,0.2401820906440108,4.901511824065613
895.0,10.019553308089368,0.10457521830632041,4.915463656959983
900.0,13.153699977901308,0.21667439877350772,4.57018459478532
905.0,12.156125263027242,0.33304233266580924,4.5385970539746
910.0,15.468532028289752,0.2301251482626201,4.194696655598727
915.0,13.849187596820077,0.13125689190183712,4.762073635096929
920.0,14.332295273479446,0.23935585303900356,4.723628255468937
925.0,9.36891610832458,0.08712416017072618,3.9276647844645343
930.0,14.178674431041216,0.21550954444560239,3.7200583861316523
935.0,13.245031235745198,0.1636806089489401,4.635387804750052
940.0,8.219959565943054,0.17354210215083093,4.471863696103837
945.0,14.289423558970114,0.28041339093489354,4.923820921686733
950.0,14.105797118192571,0.22411655565544358,5.228774772709931
955.0,12.170674491558586,0.14710287667014543,4.850656229573819
960.0,12.043194937269952,0.2341570971287097,5.277804042309013
965.0,17.56258216966963,0.302897266040026,5.3208291872210625
970.0,11.663200376057652,0.1726177929222605,5.186867564232149
975.0,14.6085794368467,0.15152985093666732,5.180129184835877
980.0,13.466029211762516,0.16381529764296537,5.803918329390589
985.0,9.994307642203722,0.20065302335364837,5.0258337987087485
990.0,11.105222380393444,0.17299643131131293,5.075079429799695
995.0,14.469085687614811,0.09781019690779391,4.854748019163169
1000.0,9.905705024494873,0.07476446773822669,5.147965472939893
